2253673829,0.17724844363989581,0.070061960057103329,0.050738075264544422,0.028448643795899745,0.052798504716911714,0.019360678175636893,0.050230326578068203,0.034938996570856695,0.033062534033879348,0.047790925279997648,0.018996423683164818,0.050458445553151723,0.027907781064653334,0.055138563880671697,0.072019368036852258,0.21080032966871237
2253686955,0.17897542438043415,0.07185263500325309,0.050781481043354823,0.028146625658011473,0.050323091027385108,0.018006594901520082,0.050171526586620926,0.033924557875436211,0.030264831135032828,0.047543177382149408,0.017507541255101438,0.049609629147690307,0.027832406695451589,0.056500266161944757,0.073368279410894896,0.21519193233571893
2253687329,0.17523510971786835,0.080199151761017884,0.053391111930665681,0.025948736861515765,0.047578830905402915,0.017127051447538264,0.05332841600590079,0.029976028028766366,0.026077816706619954,0.044669002397197122,0.016946339664392403,0.046900239719712335,0.02517425779089065,0.057270883274940072,0.08518532177761387,0.2149917020099576
2253687629,0.15879147690305789,0.042855769799491336,0.070636422783462466,0.022701395871532502,0.070466374874312412,0.014043739279588336,0.063383509788844855,0.027425770390962324,0.02305997515821849,0.053517034364464422,0.011526290885432069,0.064913940971195364,0.020771721772047082,0.076214733542319751,0.038989028213166146,0.24070281540190452
2254470704,0.17651115618661259,0.069290060851926974,0.046841231790521853,0.030127235847316983,0.047634150839018993,0.021087958694449568,0.043448275862068966,0.040018439977872029,0.034807302231237319,0.043536787755854692,0.020365111561866125,0.049260556887331733,0.029961276046468744,0.053641895629725246,0.067648902821316609,0.22581965701641157
2254471846,0.18736070616948361,0.082483869317725111,0.04372638855397476,0.030942411820154767,0.036433785650086592,0.020957099327005284,0.03738372390410008,0.041431922309665255,0.03858210754762479,0.036528779475487938,0.021278616889902156,0.038384812679483529,0.032060416072955261,0.04715347348576189,0.083415539528392188,0.2218763472681968
2254472196,0.17771115514284025,0.075323830366120545,0.047184598095463416,0.026557047376826168,0.051343378482285443,0.015167534157449578,0.052785089016383749,0.029577246111078252,0.025181877328917017,0.049875791092446914,0.01472393091618856,0.049849914236706691,0.024960075708286508,0.054733246584255039,0.079257112438634883,0.22576817294611698
2254472786,0.1863212244145307,0.060472063433523883,0.051749953900055323,0.033863175364189563,0.043263876083348703,0.022279181264982482,0.049146229024525173,0.046855983772819472,0.04518163378203946,0.046409736308316428,0.022854508574589712,0.044916098100682277,0.034903190116171857,0.05261294486446616,0.06125760649087221,0.1979125945048866
2254473016,0.1003504465605962,0.054814573845152897,0.035373661796888861,0.021917696811971372,0.030368338557993729,0.0096187969480097009,0.055576092742650976,0.027015437392795882,0.015685071272254096,0.040781924646596086,0.0084062814218962556,0.031447773111728868,0.01537085230969421,0.071087419412077843,0.052226888271130298,0.42995874489856273
249859943,0.14015644407641806,0.090273259596616792,0.034756313952800613,0.024043295676347075,0.040804104808659133,0.010084580351333767,0.050567072810078668,0.026431359791802212,0.017599958597030816,0.046541373395634945,0.0086206896551724137,0.038593481989708404,0.020024989649257703,0.063021233808481694,0.085615425563376119,0.30286641627728161
249864046,0.14874386348849589,0.094879339918377006,0.035399538652629091,0.02015807062163601,0.036094517063938014,0.010868279410894896,0.042142307919796534,0.021481486958064708,0.017662802389542792,0.044811320754716978,0.0091788904004258594,0.036271958360442419,0.019514845921807536,0.055738747264446678,0.08309797716921985,0.32395605370556574
249865562,0.15910381707541951,0.079295592845288587,0.041571086114696662,0.025749585100497879,0.042400885118937859,0.016739811912225705,0.042028397565922922,0.031093490687811174,0.028216854139775031,0.04861884565738521,0.015869444956666052,0.044222754932694078,0.027372303153236216,0.061430942282869258,0.074080767103079481,0.26220542135349439
249867293,0.16664695096705506,0.092931182350505709,0.036323712071922871,0.022398266990004141,0.039465901697521739,0.016990004140296919,0.042282782279529189,0.02708567457266221,0.026789939078488201,0.055875524930502157,0.015522416750458391,0.043210652392500146,0.025947092920092271,0.064810433548234458,0.083090583781865499,0.24062888152836104
249867967,0.10271633051398829,0.090716862837877804,0.040622966818477553,0.02430576092742651,0.030220470810906726,0.00714940557165671,0.066466552315608926,0.026172591234399953,0.0098812621990891341,0.061032412610161471,0.0042438043413970542,0.030205684036198024,0.01262790560123026,0.081205270006506181,0.075113118826521566,0.33731960134855388
2956379198,0.18543828123975289,0.07380871184795583,0.049986227882635327,0.028767329914350548,0.045703755197334765,0.019205545572592176,0.046300546949803914,0.034066316024186465,0.030088797366246509,0.046687477866239953,0.018851405411786308,0.046743222150811246,0.026888419616741648,0.054855655093715983,0.076186041631143342,0.21642226623470312
349710532,0.16474973140830354,0.073185718280424444,0.046392776723034129,0.030126422064255965,0.044019603514503951,0.019666063255184187,0.046289755250415766,0.037260659043077696,0.032587899392173311,0.047018264235359916,0.018389332862378031,0.046032201568869856,0.027834194298497358,0.061157961352230415,0.069517417987549124,0.23577199876374233
3737987400,0.098683385579937305,0.050901714917942098,0.055651853217776139,0.020169647796422645,0.03427623086852296,0.011089802692236769,0.045137377835146597,0.02566107320671215,0.016245620505255395,0.04502304997234003,0.0085782777060667524,0.031023418771897474,0.014995390005531994,0.099653328416005896,0.040383551539738154,0.40252627696846766
3737987786,0.18043518347777981,0.095544901346118385,0.039963120044255944,0.030437027475567029,0.037031163562603726,0.017591738889913333,0.038366217960538448,0.036485340217591741,0.032775216669739995,0.036983219620136454,0.017016411580306104,0.036677115987460818,0.02936750875898949,0.047117831458602252,0.095574405310713623,0.22863359763968283
3863331183,0.16551401982552566,0.067290309273347171,0.046712529877819438,0.024393647095936617,0.052754825950326989,0.016058190465790656,0.058651524527111469,0.032067848433006953,0.023301665878013564,0.0452565549205887,0.015803394848275275,0.054380664652567974,0.024842572707749425,0.05650396146519613,0.071549036023247067,0.24491925405549692
4714741475,0.093467802874436068,0.03415356760760431,0.029649636019482124,0.015853539925632758,0.024285318828977786,0.012004249556714374,0.025332744779703879,0.022328876785300125,0.019699089487584261,0.031800600025437491,0.011256088163338595,0.026297872977158632,0.016654072616544842,0.041317212949177395,0.028800472838000614,0.56709885456490672
4896210781,0.16251754305426214,0.060925223960860954,0.05016001888747524,0.025816161907634999,0.052261906323369314,0.020356501095211237,0.048930365551343766,0.032102149761939112,0.027324536666622944,0.048438504216891172,0.018018520218779921,0.05184874280242914,0.024409438491100589,0.063404205086502019,0.053642397135399589,0.25984378484017784
4896806270,0.18287404414947339,0.056675542031190566,0.057446124788499628,0.031633241956427645,0.046444826274576669,0.02303878490575937,0.046976036515785469,0.042867354835324827,0.036132133628887342,0.044877428155454417,0.023527367164648941,0.05010099552734093,0.031459450951587725,0.06307629753020029,0.053763722931231224,0.20910664865361159
4928651915,0.10593709421439908,0.053334164032475963,0.042054144095696543,0.031298776248999884,0.035928830943980271,0.016447843024094647,0.050687950053121024,0.04197544628218413,0.018871079865164411,0.043733030783961388,0.011893207067063653,0.039853884392911952,0.021323828386301334,0.072631523720832619,0.055403260712739863,0.35862593617607325
5413298922,0.18504517794578645,0.051373778351465976,0.064528858565369718,0.02879955744053107,0.056868891757329891,0.024731698321962012,0.047951318458417852,0.037388899133321038,0.038875161349806384,0.051469666236400514,0.021681725981928822,0.056621796053844736,0.028161534206158953,0.062736492716208736,0.049282684860778164,0.19448275862068964
5764240495,0.14605200073759911,0.070650931218882537,0.038104370274755668,0.026276968467637839,0.049242116909459711,0.016540660151207819,0.045262769684676379,0.033051816337820394,0.025118937857274572,0.049098285082057901,0.014704038355153973,0.050289507652590819,0.023839203392955928,0.065465609441268668,0.073291536050156744,0.27301124838650193
5764787506,0.1561091646690024,0.066516688179974179,0.036389452332657203,0.024233818919417296,0.057779826664208001,0.01547851742577909,0.049164669002397195,0.033829983404019916,0.024292826848607781,0.041113774663470402,0.014025447169463396,0.056979531624562048,0.025141065830721003,0.053479623824451414,0.071702009957588048,0.27376359948368062
6716700637,0.16116000577117298,0.068640888760640603,0.048736900093125743,0.027383560026757257,0.0404900250521373,0.022382969793155915,0.04712031584055823,0.041247491507194291,0.033863013339279394,0.049205807898637217,0.020818850749596673,0.046182500229535288,0.026429349037919232,0.06436169515090305,0.065975000327907554,0.23600162642147926
7172208261,0.17313518972731207,0.08728899148751984,0.048638527826235227,0.027399955404572345,0.044244566571792078,0.016700331842446979,0.050737136186566285,0.032646476305399984,0.02742618800907648,0.045484057134612607,0.015578887999895069,0.043283797431828017,0.025573510315971722,0.057111659081071867,0.087052898046982588,0.21769782662871684
7237326960,0.15940570034495874,0.065266720006295825,0.058472475439724031,0.026104720557180518,0.046116918718274946,0.019930221272018992,0.058600359386681705,0.036925669915137523,0.027809839849949503,0.047415432641229785,0.018962893980928895,0.049609134192888343,0.025281672590863183,0.069378680762319483,0.064705998085019867,0.22601356225652863
7237329472,0.18641216668196903,0.088561272805970537,0.045782453010847185,0.02749832767146286,0.039568604818929445,0.018887475242979498,0.045185661258378036,0.036876483781692268,0.03175456775225928,0.04449705539014441,0.01880221927834105,0.04216563266483913,0.027095001377211738,0.051730696082160514,0.075749924581262049,0.21943245760155297
7237330666,0.17948020094175049,0.087413596358914492,0.045752941330780027,0.02867879487414908,0.037630671161186235,0.019110452381264673,0.04571359242402382,0.03631576186041631,0.030839705670177464,0.045864429899922614,0.017808659382746814,0.039486627929854017,0.026521163153683712,0.051874975406933276,0.079773350297084253,0.2277350769271127
7237331894,0.16791162235542556,0.090613974108419357,0.04455607875027872,0.027800002623260451,0.038817696514998494,0.021464828635511076,0.042464028541073701,0.036869925630566229,0.031098752639655829,0.043293634658517072,0.018848126336223292,0.042470586692199733,0.025852231738828189,0.051773324064479744,0.083049146784538508,0.23311603992602406
7237333486,0.18268057869125537,0.083022914180034366,0.048530318332655656,0.027767211867630277,0.043900263637675269,0.018589079366744928,0.047385920961162627,0.032636639078710929,0.029682191996432367,0.045116800671554678,0.017133169816765256,0.044870870004328378,0.026878582390052596,0.05629516926588056,0.084603428601408695,0.21090686113770807
7237334712,0.17500426279823192,0.078848650988313368,0.05103225298723784,0.02898046982594667,0.040788420928371871,0.018343148699518631,0.050504321821592056,0.03477787542136121,0.030075681063994438,0.046739943075248223,0.018143125090174579,0.042195144344906281,0.028150863708503299,0.056377146154955995,0.079517582403168904,0.22052111068847471
7237336406,0.18433651185057909,0.077576369669862671,0.053734211251164073,0.028514841095998215,0.043526449023491294,0.019576081111213128,0.047113757689432198,0.033994176361800084,0.030793798612295222,0.046438268123450636,0.018316916095014492,0.04436589236762372,0.026494930549179577,0.05857412678217757,0.076153250875513182,0.21049041854120487
